41,35
24,4
24,1
24,3
14,5
10,303
10,217
10,255
10,269
10,263
10,127
10,181
10,197
10,3
11,11
11,25
11,19
11,17
11,29
11,2
11,3
8,11
8,7
8,6
0,318
12,2
12,1
12,3
35,9
35,8
35,7
35,6
35,5
35,4
35,3
35,2
35,1
35,0
34,7
34,6
34,5
34,4
34,3
34,2
34,1
34,0
33,69
33,68
33,67
33,66
33,65
33,64
33,38
33,37
33,36
33,35
33,34
33,33
33,32
33,31
33,30
33,29
33,28
33,27
33,26
33,25
33,24
33,23
33,22
33,21
33,20
33,19
33,18
33,17
33,16
33,15
33,14
33,13
33,12
33,11
33,10
33,9
33,8
33,7
33,6
33,5
33,4
33,3
33,1
20,2
31,7
31,5
31,4
20,1
31,3
20,3
31,1
30,4
30,3
30,1
29,4
29,3
29,2
19,2
29,1
28,5
19,1
28,4
28,3
19,3
28,1
27,5
27,4
27,3
27,1
26,4
26,3
26,1
25,5
25,4
25,3
25,2
25,1
11,27
11,23
